list(psi=5.00000E-01, beta0=0.00000E+00, beta=0.00000E+00, phi= structure(.Data= c(5.00000E-01, 5.00000E-01, 5.00000E-01, 5.00000E-01), .Dim=c(2, 2)))
