list(start=c(0, 6, 12, 0, 6, 12, 18, 0, 2, 6, 0, 2, 6, 12, 0, 2, 6, 12, 0, 0, 2, 6, 12, 0, 2, 6, 0, 2, 0, 2, 6, 12, 0, 0, 2, 6, 12, 18, 0, 2, 6, 0, 2, 0, 2, 6, 12, 0, 2, 6, 0, 2, 6, 12, 0, 2, 6, 12, 0, 0, 2, 6, 12, 0, 2, 6, 0, 2, 6, 12, 0, 0, 2, 12, 18, 0, 0, 2, 6, 12, 18, 0, 6, 12, 18, 0, 0, 0, 6, 0, 2, 6, 0, 6, 0, 2, 18, 0, 6, 18, 0, 2, 6, 12, 18, 0, 6, 0, 2, 6, 0, 2, 0, 6, 12, 0, 2, 0, 2, 12, 0, 0, 0, 2, 6, 0, 0, 2, 6, 0, 2, 0, 2, 0, 0, 2, 6, 12, 0, 2, 0, 2, 0, 0, 2, 6, 12, 0, 2, 6, 12, 0, 2, 6, 12, 0, 2, 6, 0, 2, 6, 0, 2, 6, 0, 6, 12, 0, 2, 0, 2, 6, 12, 0, 2, 6, 12, 0, 2, 6, 0, 0, 6, 0, 6, 0, 2, 6, 12, 0, 0, 2, 6, 0, 2, 0, 2, 6, 12, 0, 0, 2, 6, 12, 0, 2, 6, 0, 2, 6, 12, 0, 2, 6, 0, 2, 6, 12, 0, 2, 6, 12, 0, 2, 6, 12, 0, 2, 0, 2, 6, 18, 0, 2, 0, 2, 0, 2, 6, 12, 0, 2, 6, 12, 0, 2, 6, 0, 2, 6, 0, 2, 6, 12, 18, 0, 2, 6, 12, 0, 2, 6, 12, 18, 0, 2, 6, 12, 18, 0, 2, 6, 12, 0, 2, 6, 12, 0, 2, 6, 12, 0, 6, 12, 0, 2, 0, 2, 6, 0, 6, 0, 2, 6, 0, 2, 6, 12, 0, 2, 0, 2, 12, 0, 2, 6, 0, 2, 0, 2, 6, 12, 0, 2, 6, 0, 0, 0, 2, 0, 2, 6, 0, 2, 0, 0, 2, 6, 0, 2, 0, 2, 0, 6, 12, 0, 0, 6, 0, 0, 2, 6, 12, 0, 2, 0, 12, 0, 2, 6, 12, 0, 2, 6, 12, 0, 2, 6, 12, 0, 2, 6, 12, 0, 0, 2, 6, 0, 2, 6, 12, 18, 0, 2, 0, 2, 6, 12, 0, 2, 6, 12, 0, 2, 6, 0, 2, 6, 12, 0, 2, 6, 0, 2, 6, 12, 18, 0, 2, 6, 0, 2, 6, 12, 18, 0, 6, 0, 2, 6, 0, 2, 6, 12, 0, 2, 12, 0, 2, 6, 12, 0, 2, 6, 12, 0, 2, 6, 12, 0, 2, 6, 0, 2, 6, 12, 0, 2, 12, 0, 2, 6, 12, 0, 2, 0, 6, 0, 2, 6, 12, 0, 2, 6, 12, 0, 2, 6, 12, 0, 0, 2, 12, 18, 0, 6, 12, 0, 2, 12, 0, 2, 12, 0, 2, 6, 12, 0, 2, 6, 12, 0, 2, 0, 0, 2, 6, 12, 18, 0, 6, 12, 0, 2, 6, 12, 0, 2, 6, 0, 2, 6, 12, 0, 2, 6, 12, 0, 2, 6, 12, 0, 2, 0, 6, 12, 0, 2, 6, 12, 0, 2, 0, 2, 12, 0, 2, 6, 12, 0, 2, 6, 12, 0, 2, 6, 0, 2, 6, 12, 0, 0, 2, 6, 12, 0, 2, 6, 12, 0, 2, 6, 12, 0, 6, 12, 0, 2, 6, 12, 0, 2, 6, 12, 0, 2, 6, 12, 0, 0, 2, 6, 12, 0, 2, 6, 12, 0, 2, 12, 0, 2, 6, 0, 2, 6, 12, 0, 2, 6, 12, 0, 0, 0, 2, 6, 12, 0, 2, 6, 12, 0, 2, 6, 12, 0, 2, 0, 0, 2, 6, 0, 6, 0, 2, 0, 2, 6, 12, 0, 0, 2, 6, 12, 0, 2, 6, 12, 18, 0, 2, 6, 12, 0, 2, 0, 2, 6, 12, 0, 2, 6, 0, 2, 0, 2, 6, 12, 0, 2, 6, 12, 0, 6, 0, 2, 0, 2, 6, 12, 18, 0, 2, 0, 2, 6, 0, 2, 6, 18, 0, 2, 12, 0, 2, 6, 12, 0, 2, 6, 0, 2, 6, 0, 0, 2, 0, 0, 0, 6, 12, 0, 2, 6, 12, 0, 2, 0, 2, 6, 12, 0, 2, 0, 2, 6, 12, 0, 2, 0, 2, 6, 12, 0, 6, 12, 0, 2, 6, 12, 0, 2, 6, 12, 0, 6, 12, 0, 2, 0, 2, 6, 0, 2, 6, 12, 0, 2, 6, 0, 0, 0, 2, 6, 0, 2, 0, 2, 6, 12, 0, 2, 6, 12, 0, 2, 6, 12, 0, 2, 6, 12, 0, 2, 6, 12, 0, 2, 6, 12, 0, 2, 6, 12, 0, 2, 6, 12, 18, 0, 0, 2, 6, 12, 18, 0, 2, 0, 2, 6, 12, 0, 2, 6, 12, 0, 2, 6, 12, 0, 2, 6, 0, 2, 6, 0, 2, 6, 12, 0, 2, 6, 12, 0, 2, 6, 12, 0, 2, 6, 0, 2, 6, 0, 2, 12, 0, 2, 6, 12, 0, 2, 6, 12, 18, 0, 6, 12, 18, 0, 2, 6, 12, 0, 0, 2, 6, 0, 2, 6, 12, 0, 6, 0, 2, 6, 12, 0, 2, 6, 0, 2, 6, 12, 0, 2, 6, 12, 0, 2, 0, 2, 0, 2, 0, 0, 2, 6, 12, 0, 2, 6, 12, 0, 12, 0, 0, 2, 6, 12, 0, 2, 6, 12, 0, 2, 6, 12, 0, 2, 6, 0, 2, 6, 0, 2, 6, 0, 2, 6, 0, 2, 0, 2, 6, 12, 0, 2, 6, 12, 0, 2, 6, 0, 2, 6, 12, 0, 6, 0, 6, 12, 0, 2, 6, 12, 0, 2, 6, 0, 2, 6, 12, 0, 2, 6, 0, 2, 12, 0, 2, 6, 12, 0, 2, 6, 12, 18, 0, 2, 0, 2, 6, 12, 18, 0, 2, 6, 12, 18, 0, 2, 6, 0, 2, 6, 12, 18, 0, 2, 6, 12, 0, 0, 0, 0, 2, 6, 12, 0, 2, 6, 0, 2, 6, 12, 0, 2, 6, 0, 6, 12, 0, 2, 0, 0, 2, 6, 12, 0, 2, 6, 0, 6, 12, 0, 2, 0, 2, 6, 0, 2, 6, 0, 2, 6, 0, 0, 2, 6, 12, 0, 2, 6, 12, 0, 2, 6, 12, 0, 2, 6, 12, 0, 2, 6, 12, 0, 2, 12, 0, 0, 2, 6, 0, 2, 6, 12, 0, 2, 6, 12, 0, 2, 6, 0, 2, 0, 2, 6, 12, 0, 2, 6, 12, 0, 0, 2, 6, 12, 0, 2, 0, 0, 2, 0, 2, 6, 12, 0, 2, 0, 2, 6, 12, 18, 0, 2, 6, 12, 18, 0, 6, 0, 0, 2, 6, 0, 12, 0, 2, 0, 2, 12, 0, 2, 0, 2, 6, 12, 0, 2, 12, 0, 2, 0, 6, 0, 2, 6, 12, 0, 2, 0, 2, 12, 0, 0, 0, 2, 6, 12, 0, 2, 0, 2, 6, 0, 2, 6, 0, 2, 6, 0, 2, 0, 2, 6, 0, 2, 6, 12, 0, 2, 6, 12, 0, 2, 0, 2, 6, 0, 2, 6, 12, 0, 2, 0, 2, 6, 0, 2, 12, 18, 0, 2, 0, 2, 6, 0, 0, 2, 12, 0, 2, 6, 0, 0, 2, 6, 0, 2, 6, 12, 0, 2, 6, 0, 2, 0, 2, 6, 0, 0, 2, 6, 12, 0, 2, 6, 12, 0, 2, 0, 2, 6, 12, 0, 2, 0, 2, 6, 12, 0, 2, 0, 2, 6, 12, 0, 2, 6, 0, 0, 2, 6, 12, 0, 0, 2, 6, 0, 2, 6, 0, 0, 2, 6, 12, 0, 0, 2, 6, 12, 0, 2, 6, 12, 0, 2, 6, 12, 0, 2, 6, 0, 0, 2, 0, 0, 2, 6, 12, 0, 6, 0, 2, 6, 12, 0, 0, 2, 0, 2, 6, 12, 0, 2, 6, 12, 0, 2, 6, 12, 0, 2, 6, 12, 0, 2, 6, 12, 0, 2, 6, 12, 0, 2, 6, 0, 2, 0, 2, 6, 12, 0, 2, 6, 0, 2, 6, 12, 18, 0, 2, 6, 12, 0, 2, 6, 12, 0, 2, 6, 0, 2, 6, 0, 2, 0, 2, 6, 0, 2, 6, 12, 18, 0, 2, 6, 0, 2, 12, 0, 0, 2, 6, 12, 18, 0, 2, 6, 12, 0, 2, 0, 2, 6, 12, 0, 2, 0, 2, 6, 0, 2, 6, 12, 0, 2, 6, 0, 2, 0, 2, 6, 12, 0, 0, 2, 6, 0, 2, 0, 2),