list(y=c(NA, NA, 18.53, NA, NA, 1.9, NA, 9.57, 11.57, NA, 2.4, NA, 12.23, 2.6, NA, 7.1, NA, NA, 2.73, NA, 8.07, NA, 12.53, NA, 4.57, NA, NA, NA, 6.13, NA, 16.27, 7.17, NA, NA, NA, 7.67, 14.87, NA, NA, NA, NA, NA, NA, 8.47, 8.43, 11.07, 11.07, 5.9, 2, NA, 7.57, 5.57, 4.93, NA, NA, NA, 12.2, NA, 10.57, 15.7, NA, NA, NA, 7.17, 2.6, 15.57, 11.13, NA, 0.77, NA, 6, NA, 1.3, NA, 12.67, NA, 10.33, NA, NA, NA, 3.13, NA, 4.6, NA, NA, NA, 10.4, 9.77, NA, NA, NA, NA, NA, NA, NA, NA, NA, NA, NA, 10.3, NA, 5.1, NA, 11.03, 11.17, NA, NA, 1.07, 4.67, NA, NA, NA, NA, 10.23, 15.1, NA, NA, 7.97, NA, 3.83, NA, NA, NA, NA, NA, NA, 15.47, 3.2, NA, NA, NA, NA, NA, 13.87, NA, NA, NA, 11.3, NA, 13.2, 10.93, NA, 16.4, NA, NA, NA, 14.63, NA, NA, NA, 10.23, NA, NA, NA, NA, 6.63, NA, NA, NA, NA, NA, NA, 5.43, 10.3, NA, 17.8, NA, 16.63, NA, NA, NA, 9.37, NA, NA, 9.37, NA, NA, NA, 11.93, NA, 3.13, NA, NA, NA, NA, NA, NA, NA, NA, NA, NA, NA, NA, NA, NA, 1.7, NA, NA, NA, NA, 7.03, 3.3, 11.6, NA, 4.33, NA, 4.53, NA, NA, NA, 2.47, NA, 12.3, 11.9, NA, NA, 9.93, 12.27, NA, NA, 11.2, NA, NA, NA, NA, NA, 11.47, 10.7, 2.17, 2.7, NA, NA, 17.03, 14.7, 13.3, NA, 10.87, NA, NA, NA, NA, NA, 7.93, NA, NA, NA, 14.43, NA, NA, NA, NA, NA, NA, NA, NA, NA, NA, NA, 4.53, NA, 3.37, NA, NA, NA, NA, 9.8, NA, NA, NA, 12.63, 10.03, NA, NA, NA, NA, NA, 5.03, NA, NA, 11, NA, 8.13, NA, NA, NA, 5.53, 3.57, 2.57, NA, NA, NA, 1.43, NA, NA, NA, 12.37, 8.8, NA, 9.57, 10.63, NA, NA, NA, NA, NA, 12.07, NA, 9.6, NA, 11.3, NA, 13.9, NA, 4.97, NA, 18.07, NA, NA, NA, NA, 3.63, 3.97, NA, 10.07, NA, 11.67, NA, 6.13, 2.03, NA, NA, NA, NA, 7.4, 10.8, NA, 1.13, NA, NA, NA, NA, NA, NA, 1.07, 7.17, NA, NA, NA, 11.5, NA, NA, NA, NA, 6.3, 0.47, 4.1, NA, 8.17, NA, NA, 6.9, 3.43, 7.97, 15.33, 5.37, NA, 3.2, NA, NA, 18.63, 8.47, NA, 11.93, NA, 7.83, 1.63, NA, 6.07, 8.3, NA, 13.6, NA, NA, NA, NA, 8.33, 10.7, NA, 9.67, NA, NA, 7.7, 8.73, 2.13, NA, 11.63, 3, NA, NA, 9.63, 15.07, 9.93, NA, NA, NA, 6.6, NA, 5.23, NA, 3.4, NA, 12.2, 6.87, NA, 1.03, NA, 10.6, 4.2, NA, NA, NA, NA, NA, 9.73, NA, NA, 1.43, NA, 8, NA, 2.47, 9.07, 14.13, 15.17, NA, 16.63, NA, NA, 7.3, 5.57, NA, 7.73, NA, NA, NA, 11.5, 12.47, 5.07, 12.7, NA, NA, 19.07, 0.9, NA, 13.1, NA, 17.27, NA, 9.33, NA, 10.23, 3.3, NA, 2, 13.3, NA, 3.9), c=c(16.97, 19, 0, 12.7, 15.13, 0, 14.33, 0, 0, 16.43, 0, 18.1, 0, 0, 12.23, 0, 16.67, 13.7, 0, 14.4, 0, 17.4, 0, 20.27, 0, 20.27, 18.13, 19.57, 0, 18.87, 0, 0, 18.57, 18.5, 18.4, 0, 0, 17.87, 17.7, 17.4, 17.37, 17.37, 17.23, 0, 0, 0, 0, 0, 0, 14.4, 0, 0, 0, 16.03, 12.27, 15.03, 0, 12.27, 0, 0, 12.3, 14.17, 12.7, 0, 0, 0, 0, 14.17, 0, 14.07, 0, 13.93, 0, 13.93, 0, 13.23, 0, 12.47, 12.47, 17.93, 0, 18.03, 0, 15.97, 14.9, 15.6, 0, 0, 18.13, 17.93, 18.13, 18.03, 17.87, 15.57, 17.43, 17.67, 15.1, 16.3, 13.03, 0, 15.03, 0, 12.9, 0, 0, 14.07, 18.4, 0, 0, 12.2, 17.83, 16.23, 12.5, 0, 0, 12.5, 12.93, 0, 14.33, 0, 12.5, 12.2, 12.27, 12.77, 16.47, 20.23, 0, 0, 13.5, 19.2, 12.23, 17.8, 16.7, 0, 16.3, 16.23, 20.4, 0, 18.6, 0, 0, 17.17, 0, 16.23, 16.03, 16.03, 0, 15.27, 14.83, 14.6, 0, 13.83, 14.13, 13.13, 13.03, 0, 18.37, 16.2, 13.47, 13.2, 18.17, 15.57, 0, 0, 18.37, 0, 17.8, 0, 17.37, 15.9, 17.33, 0, 16.97, 17.1, 0, 15.8, 15.5, 15.1, 0, 14.63, 0, 14.57, 14.33, 13.93, 13.37, 13.23, 12.97, 14.87, 1.83, 13.73, 16.93, 16.17, 12.27, 12.53, 12.77, 0, 2.17, 12.3, 12.23, 12.23, 0, 0, 0, 12.2, 0, 17.57, 0, 13.73, 18.8, 18.57, 0, 12.43, 0, 0, 13.37, 17.67, 0, 0, 18.33, 17.67, 0, 18.13, 18.57, 17.93, 16.23, 17.2, 0, 0, 0, 0, 12.67, 12.7, 0, 0, 0, 13.87, 0, 16.73, 13.2, 13.9, 15.37, 15.97, 0, 16, 15.6, 14.63, 0, 14.1, 14.07, 12.47, 12.67, 12.33, 12.2, 16.17, 15.53, 14.4, 12.7, 19.27, 0, 20.67, 0, 12.23, 19.27, 14.2, 12.23, 0, 14.2, 12.73, 12.73, 0, 0, 13.27, 19.77, 19.53, 18.37, 15.93, 0, 20.27, 12.93, 0, 19.57, 0, 21.4, 21.13, 21.13, 0, 0, 0, 12.27, 19.57, 13.9, 0, 12.2, 15.97, 17.83, 0, 0, 16.2, 0, 0, 13.87, 13.43, 13.03, 12.33, 12.3, 0, 12.33, 0, 15.97, 0, 20.87, 0, 18.97, 0, 18.17, 0, 15.93, 18.37, 15.97, 17.7, 0, 0, 17.37, 0, 17, 0, 17.2, 0, 0, 16.47, 16.23, 16.03, 15.77, 0, 0, 12.57, 0, 13.2, 13.47, 13.9, 13.93, 14.6, 14.43, 0, 0, 15.33, 15.57, 12.23, 0, 12.23, 12.27, 12.23, 12.53, 0, 0, 0, 12.23, 0, 20.5, 19.8, 0, 0, 0, 0, 0, 13.9, 0, 17.83, 19.93, 0, 0, 16.87, 0, 18.77, 0, 0, 13.5, 0, 0, 19.8, 0, 17.23, 16.5, 13.4, 17.63, 0, 0, 12.53, 0, 12.2, 18.17, 0, 0, 0, 13, 0, 0, 12.7, 16.93, 0, 0, 0, 16.5, 16.97, 14.4, 0, 12.53, 0, 13, 0, 16.03, 0, 0, 15.03, 0, 14.1, 0, 0, 13.6, 13, 13.5, 13.2, 13.2, 0, 13.6, 20.63, 0, 12.43, 0, 12.47, 0, 0, 0, 0, 17.7, 0, 14.3, 12.43, 0, 0, 17.2, 0, 19.8, 16.47, 13.5, 0, 0, 0, 0, 19.03, 7.93, 0, 0, 19.7, 0, 20.87, 0, 13.37, 0, 12.3, 0, 0, 14.33, 0, 0, 15.07, 0), n=467)
